00080006
01070006
02060006
03050006
04040006
05030006
06020006
07010006
08000006
09080006
0A070006
0B060006
0C050006
0D040006
0E030006
0F020006
10010006
11000006
12080006
13070006
14060006
15050006
16040006
17030006
18020006
19010006
1A000006
1B080006
1C070006
1D060006
1E050006
1F040006
00000005
00000008
00000008
00000008
00000008
00000008
00000008
00000008
00000008
00000008
00000008
00000008
00000008
00000008
00000008
00000008
00000008
00000008
00000008
00000008
00000008
00000008
00000008
00000008
00000008
00000008
00000008
00000008
00000008
00000008
00000008